0 0.129975 0 0.002459 0 0 0 0 0.132434
0 0.151522 0 0.002652 0 0 0 0 0.154174
0 0.1544 0 0.00271 0 0 0 0 0.15711
0 0.155808 0 0.002681 0 0 0 0 0.158489
0 0.154672 0 0.002742 0 0 0 0 0.157414
0 0.155702 0 0.002706 0 0 0 0 0.158408
0 0.155338 0 0.002711 0 0 0 0 0.158049
0 0.155722 0 0.00271 0 0 0 0 0.158432
0 0.156046 0 0.002719 0 0 0 0 0.158765
0 0.155774 0 0.002672 0 0 0 0 0.158446
0 0.156713 0 0.002628 0 0 0 0 0.159341
0 0.158411 0 0.002689 0 0 0 0 0.1611
0 0.157383 0 0.002827 0 0 0 0 0.16021
0 0.155874 0 0.002707 0 0 0 0 0.158581
0 0.156657 0 0.002691 0 0 0 0 0.159348
0 0.15689 0 0.002758 0 0 0 0 0.159648
0 0.157197 0 0.002764 0 0 0 0 0.159961
0 0.15792 0 0.002868 0 0 0 0 0.160788
0 0.15711 0 0.002654 0 0 0 0 0.159764
0 0.156298 0 0.00271 0 0 0 0 0.159008
