0 0.308521 0 0.014046 0 0 0 0 0.322567
0 0.375646 0 0.005245 0 0 0 0 0.380891
0 0.514982 0 0.005883 0 0 0 0 0.520865
0 0.378535 0 0.005386 0 0 0 0 0.383921
0 0.566168 0 0.014682 0 0 0 0 0.58085
0 0.404561 0 0.021813 0 0 0 0 0.426374
0 0.421153 0 0.005126 0 0 0 0 0.426279
0 0.376281 0 0.00608 0 0 0 0 0.382361
0 0.525974 0 0.005387 0 0 0 0 0.531361
0 0.5694 0 0.00506 0 0 0 0 0.57446
0 0.563435 0 0.005581 0 0 0 0 0.569016
0 0.536916 0 0.005176 0 0 0 0 0.542092
0 0.41759 0 0.005934 0 0 0 0 0.423524
0 0.495269 0 0.017643 0 0 0 0 0.512912
0 0.477107 0 0.005353 0 0 0 0 0.48246
0 0.381188 0 0.005497 0 0 0 0 0.386685
0 0.409334 0 0.014329 0 0 0 0 0.423663
0 0.383851 0 0.00547 0 0 0 0 0.389321
0 0.431666 0 0.013525 0 0 0 0 0.445191
0 0.424606 0 0.005793 0 0 0 0 0.430399
0 0.382606 0 0.005434 0 0 0 0 0.38804
0 0.37747 0 0.005635 0 0 0 0 0.383105
0 0.392693 0 0.012649 0 0 0 0 0.405342
0 0.546784 0 0.013944 0 0 0 0 0.560728
0 0.382956 0 0.006348 0 0 0 0 0.389304
0 0.473155 0 0.013661 0 0 0 0 0.486816
0 0.380295 0 0.005506 0 0 0 0 0.385801
0 0.381455 0 0.005475 0 0 0 0 0.38693
0 0.482425 0 0.013839 0 0 0 0 0.496264
0 0.402799 0 0.005467 0 0 0 0 0.408266
0 0.403411 0 0.005662 0 0 0 0 0.409073
0 0.552792 0 0.005336 0 0 0 0 0.558128
0 0.622565 0 0.003047 0 0 0 0 0.625612
0 0.388703 0 0.005514 0 0 0 0 0.394217
0 0.325271 0 0.00546 0 0 0 0 0.330731
0 0.377456 0 0.005516 0 0 0 0 0.382972
0 0.380954 0 0.005411 0 0 0 0 0.386365
0 0.524691 0 0.023916 0 0 0 0 0.548607
0 0.396876 0 0.00552 0 0 0 0 0.402396
0 0.439552 0 0.012576 0 0 0 0 0.452128
0 0.384249 0 0.00536 0 0 0 0 0.389609
0 0.40815 0 0.01532 0 0 0 0 0.42347
0 0.385981 0 0.013693 0 0 0 0 0.399674
0 0.444756 0 0.005894 0 0 0 0 0.45065
0 0.382962 0 0.005611 0 0 0 0 0.388573
0 0.526162 0 0.013107 0 0 0 0 0.539269
0 0.503919 0 0.002818 0 0 0 0 0.506737
0 0.399842 0 0.005609 0 0 0 0 0.405451
0 0.380386 0 0.006152 0 0 0 0 0.386538
0 0.511225 0 0.012494 0 0 0 0 0.523719
0 0.560912 0 0.011901 0 0 0 0 0.572813
0 0.379246 0 0.005233 0 0 0 0 0.384479
0 0.38149 0 0.005311 0 0 0 0 0.386801
0 0.394192 0 0.005744 0 0 0 0 0.399936
0 0.381297 0 0.005666 0 0 0 0 0.386963
0 0.453252 0 0.020568 0 0 0 0 0.47382
0 0.463465 0 0.014717 0 0 0 0 0.478182
0 0.578847 0 0.003009 0 0 0 0 0.581856
0 0.521455 0 0.006195 0 0 0 0 0.52765
0 0.381427 0 0.005591 0 0 0 0 0.387018
0 0.580111 0 0.012229 0 0 0 0 0.59234
0 0.350009 0 0.005745 0 0 0 0 0.355754
0 0.386167 0 0.005641 0 0 0 0 0.391808
0 0.585527 0 0.002976 0 0 0 0 0.588503
0 0.575971 0 0.00382 0 0 0 0 0.579791
0 0.523953 0 0.011595 0 0 0 0 0.535548
0 0.390218 0 0.006016 0 0 0 0 0.396234
0 0.501228 0 0.005616 0 0 0 0 0.506844
0 0.472346 0 0.015143 0 0 0 0 0.487489
0 0.536444 0 0.013316 0 0 0 0 0.54976
0 0.485035 0 0.021295 0 0 0 0 0.50633
0 0.322088 0 0.005329 0 0 0 0 0.327417
0 0.359205 0 0.015576 0 0 0 0 0.374781
0 0.600515 0 0.002881 0 0 0 0 0.603396
0 0.417104 0 0.007124 0 0 0 0 0.424228
0 0.529559 0 0.014502 0 0 0 0 0.544061
0 0.567029 0 0.012454 0 0 0 0 0.579483
0 0.542968 0 0.005703 0 0 0 0 0.548671
0 0.545351 0 0.011953 0 0 0 0 0.557304
0 0.426001 0 0.015597 0 0 0 0 0.441598
0 0.437227 0 0.007096 0 0 0 0 0.444323
0 0.336003 0 0.00508 0 0 0 0 0.341083
0 0.452567 0 0.014485 0 0 0 0 0.467052
0 0.381132 0 0.006939 0 0 0 0 0.388071
0 0.443471 0 0.005619 0 0 0 0 0.44909
0 0.40277 0 0.005539 0 0 0 0 0.408309
0 0.456744 0 0.009694 0 0 0 0 0.466438
0 0.4646 0 0.005757 0 0 0 0 0.470357
0 0.396824 0 0.005285 0 0 0 0 0.402109
0 0.459279 0 0.016292 0 0 0 0 0.475571
0 0.379503 0 0.006218 0 0 0 0 0.385721
0 0.346392 0 0.00523 0 0 0 0 0.351622
0 0.392831 0 0.007516 0 0 0 0 0.400347
0 0.384588 0 0.006262 0 0 0 0 0.39085
0 0.39919 0 0.006343 0 0 0 0 0.405533
0 0.476923 0 0.015311 0 0 0 0 0.492234
0 0.477027 0 0.00539 0 0 0 0 0.482417
0 0.616286 0 0.003271 0 0 0 0 0.619557
0 0.425356 0 0.005839 0 0 0 0 0.431195
0 0.699161 0 0.003196 0 0 0 0 0.702357
0 0.426275 0 0.005718 0 0 0 0 0.431993
0 0.484199 0 0.007049 0 0 0 0 0.491248
0 0.612876 0 0.014956 0 0 0 0 0.627832
0 0.660223 0 0.005485 0 0 0 0 0.665708
0 0.533105 0 0.005546 0 0 0 0 0.538651
0 0.578719 0 0.01267 0 0 0 0 0.591389
0 0.394299 0 0.005265 0 0 0 0 0.399564
0 0.382542 0 0.005991 0 0 0 0 0.388533
0 0.558639 0 0.005997 0 0 0 0 0.564636
0 0.411302 0 0.005857 0 0 0 0 0.417159
0 0.39042 0 0.015691 0 0 0 0 0.406111
0 0.440565 0 0.008631 0 0 0 0 0.449196
0 0.382961 0 0.005389 0 0 0 0 0.38835
0 0.433032 0 0.005596 0 0 0 0 0.438628
0 0.408055 0 0.012618 0 0 0 0 0.420673
0 0.451868 0 0.014461 0 0 0 0 0.466329
0 0.493195 0 0.005586 0 0 0 0 0.498781
0 0.429407 0 0.012544 0 0 0 0 0.441951
0 0.527328 0 0.00587 0 0 0 0 0.533198
0 0.534631 0 0.005868 0 0 0 0 0.540499
0 0.566828 0 0.013834 0 0 0 0 0.580662
0 0.529075 0 0.011833 0 0 0 0 0.540908
0 0.410166 0 0.005029 0 0 0 0 0.415195
0 0.398801 0 0.01404 0 0 0 0 0.412841
0 0.435 0 0.005566 0 0 0 0 0.440566
0 0.388767 0 0.005512 0 0 0 0 0.394279
0 0.443137 0 0.005651 0 0 0 0 0.448788
0 0.481502 0 0.005488 0 0 0 0 0.48699
0 0.351893 0 0.00634 0 0 0 0 0.358233
0 0.422874 0 0.013277 0 0 0 0 0.436151
0 0.458005 0 0.005527 0 0 0 0 0.463532
0 0.380885 0 0.00505 0 0 0 0 0.385935
0 0.523817 0 0.012809 0 0 0 0 0.536626
0 0.380125 0 0.005469 0 0 0 0 0.385594
0 0.372539 0 0.005321 0 0 0 0 0.37786
0 0.383035 0 0.006102 0 0 0 0 0.389137
0 0.314895 0 0.014426 0 0 0 0 0.329321
0 0.380368 0 0.005479 0 0 0 0 0.385847
0 0.497091 0 0.01284 0 0 0 0 0.509931
0 0.526975 0 0.013182 0 0 0 0 0.540157
0 0.53163 0 0.005486 0 0 0 0 0.537116
0 0.530324 0 0.005512 0 0 0 0 0.535836
0 0.52198 0 0.015737 0 0 0 0 0.537717
0 0.382298 0 0.005264 0 0 0 0 0.387562
0 0.434923 0 0.01322 0 0 0 0 0.448143
0 0.529479 0 0.012389 0 0 0 0 0.541868
0 0.387984 0 0.005548 0 0 0 0 0.393532
0 0.410993 0 0.01145 0 0 0 0 0.422443
0 0.383196 0 0.005383 0 0 0 0 0.388579
0 0.452411 0 0.00544 0 0 0 0 0.457851
0 0.410479 0 0.004999 0 0 0 0 0.415478
0 0.5688 0 0.012891 0 0 0 0 0.581691
0 0.380151 0 0.012796 0 0 0 0 0.392947
0 0.420778 0 0.014354 0 0 0 0 0.435132
0 0.579729 0 0.015403 0 0 0 0 0.595132
0 0.388675 0 0.005336 0 0 0 0 0.394011
0 0.435997 0 0.006136 0 0 0 0 0.442133
0 0.405005 0 0.005796 0 0 0 0 0.410801
0 0.384711 0 0.006163 0 0 0 0 0.390874
0 0.430608 0 0.005952 0 0 0 0 0.43656
0 0.453639 0 0.014784 0 0 0 0 0.468423
0 0.402044 0 0.005963 0 0 0 0 0.408007
0 0.503391 0 0.013571 0 0 0 0 0.516962
0 0.505602 0 0.009504 0 0 0 0 0.515106
0 0.412613 0 0.005951 0 0 0 0 0.418564
0 0.551117 0 0.015511 0 0 0 0 0.566628
0 0.385301 0 0.005558 0 0 0 0 0.390859
0 0.590035 0 0.004194 0 0 0 0 0.594229
0 0.352573 0 0.005608 0 0 0 0 0.358181
0 0.440624 0 0.014248 0 0 0 0 0.454872
0 0.378284 0 0.005346 0 0 0 0 0.38363
0 0.382018 0 0.005669 0 0 0 0 0.387687
0 0.389479 0 0.015398 0 0 0 0 0.404877
0 0.369543 0 0.005582 0 0 0 0 0.375125
0 0.554042 0 0.013083 0 0 0 0 0.567125
0 0.360675 0 0.005236 0 0 0 0 0.365911
0 0.372519 0 0.005297 0 0 0 0 0.377816
0 0.384747 0 0.010958 0 0 0 0 0.395705
0 0.570861 0 0.00569 0 0 0 0 0.576551
0 0.420411 0 0.013384 0 0 0 0 0.433795
0 0.439479 0 0.014121 0 0 0 0 0.4536
0 0.408457 0 0.005297 0 0 0 0 0.413754
0 0.373648 0 0.005742 0 0 0 0 0.37939
0 0.377402 0 0.005035 0 0 0 0 0.382437
0 0.402315 0 0.005579 0 0 0 0 0.407894
0 0.387513 0 0.005409 0 0 0 0 0.392922
0 0.373633 0 0.00557 0 0 0 0 0.379203
0 0.529419 0 0.003315 0 0 0 0 0.532734
0 0.388582 0 0.005288 0 0 0 0 0.39387
0 0.421216 0 0.005587 0 0 0 0 0.426803
0 0.507194 0 0.012231 0 0 0 0 0.519425
0 0.425653 0 0.013977 0 0 0 0 0.43963
0 0.387885 0 0.005071 0 0 0 0 0.392956
0 0.429655 0 0.005084 0 0 0 0 0.434739
0 0.456263 0 0.012161 0 0 0 0 0.468424
0 0.615545 0 0.005781 0 0 0 0 0.621326
0 0.483838 0 0.014041 0 0 0 0 0.497879
0 0.397659 0 0.005031 0 0 0 0 0.40269
0 0.488353 0 0.013786 0 0 0 0 0.502139
0 0.464229 0 0.005695 0 0 0 0 0.469924
0 0.441848 0 0.005526 0 0 0 0 0.447374
0 0.446658 0 0.005037 0 0 0 0 0.451695
0 0.388593 0 0.005554 0 0 0 0 0.394147
0 0.416535 0 0.006305 0 0 0 0 0.42284
0 0.375679 0 0.005065 0 0 0 0 0.380744
0 0.408983 0 0.005322 0 0 0 0 0.414305
0 0.364114 0 0.005329 0 0 0 0 0.369443
0 0.470947 0 0.005227 0 0 0 0 0.476174
0 0.394462 0 0.015261 0 0 0 0 0.409723
0 0.397311 0 0.01437 0 0 0 0 0.411681
0 0.352779 0 0.012795 0 0 0 0 0.365574
0 0.559503 0 0.005534 0 0 0 0 0.565037
0 0.446708 0 0.00549 0 0 0 0 0.452198
0 0.398396 0 0.012338 0 0 0 0 0.410734
0 0.402398 0 0.015383 0 0 0 0 0.417781
0 0.403576 0 0.006292 0 0 0 0 0.409868
0 0.338118 0 0.005565 0 0 0 0 0.343683
0 0.595391 0 0.013901 0 0 0 0 0.609292
0 0.436609 0 0.012708 0 0 0 0 0.449317
0 0.557015 0 0.005341 0 0 0 0 0.562356
0 0.524977 0 0.013014 0 0 0 0 0.537991
0 0.382949 0 0.00547 0 0 0 0 0.388419
0 0.375852 0 0.005478 0 0 0 0 0.38133
0 0.581747 0 0.011829 0 0 0 0 0.593576
0 0.395408 0 0.005478 0 0 0 0 0.400886
0 0.428969 0 0.014593 0 0 0 0 0.443562
0 0.385094 0 0.008495 0 0 0 0 0.393589
0 0.437433 0 0.005885 0 0 0 0 0.443318
0 0.403789 0 0.00557 0 0 0 0 0.409359
0 0.483613 0 0.022058 0 0 0 0 0.505671
0 0.383529 0 0.005532 0 0 0 0 0.389061
0 0.380153 0 0.005686 0 0 0 0 0.385839
0 0.536606 0 0.015103 0 0 0 0 0.551709
0 0.546732 0 0.016941 0 0 0 0 0.563673
0 0.393636 0 0.005635 0 0 0 0 0.399271
0 0.616561 0 0.005897 0 0 0 0 0.622458
0 0.414827 0 0.005847 0 0 0 0 0.420674
0 0.492803 0 0.005843 0 0 0 0 0.498646
0 0.588259 0 0.00556 0 0 0 0 0.593819
0 0.605903 0 0.017964 0 0 0 0 0.623867
0 0.446959 0 0.014776 0 0 0 0 0.461735
0 0.458459 0 0.005682 0 0 0 0 0.464141
0 0.534718 0 0.002886 0 0 0 0 0.537604
0 0.394434 0 0.005517 0 0 0 0 0.399951
0 0.440034 0 0.005343 0 0 0 0 0.445377
0 0.372435 0 0.005435 0 0 0 0 0.37787
0 0.405887 0 0.013438 0 0 0 0 0.419325
0 0.417784 0 0.006158 0 0 0 0 0.423942
0 0.494828 0 0.00549 0 0 0 0 0.500318
0 0.851557 0 0.01142 0 0 0 0 0.862977
