0 0.127178 0 0.002368 0 0 0 0 0.129546
0 0.148183 0 0.002566 0 0 0 0 0.150749
0 0.150353 0 0.002573 0 0 0 0 0.152926
0 0.150259 0 0.00258 0 0 0 0 0.152839
0 0.151816 0 0.002557 0 0 0 0 0.154373
0 0.151731 0 0.002567 0 0 0 0 0.154298
0 0.153047 0 0.002592 0 0 0 0 0.155639
0 0.151261 0 0.002559 0 0 0 0 0.15382
0 0.153084 0 0.002575 0 0 0 0 0.155659
0 0.152395 0 0.002573 0 0 0 0 0.154968
0 0.15332 0 0.002553 0 0 0 0 0.155873
0 0.152473 0 0.002636 0 0 0 0 0.155109
0 0.152113 0 0.002567 0 0 0 0 0.15468
0 0.151603 0 0.002578 0 0 0 0 0.154181
0 0.15246 0 0.002672 0 0 0 0 0.155132
0 0.153859 0 0.002643 0 0 0 0 0.156502
0 0.154465 0 0.002705 0 0 0 0 0.15717
0 0.154245 0 0.00257 0 0 0 0 0.156815
0 0.15319 0 0.002595 0 0 0 0 0.155785
0 0.152475 0 0.002618 0 0 0 0 0.155093
0 0.152986 0 0.002626 0 0 0 0 0.155612
0 0.153015 0 0.002612 0 0 0 0 0.155627
0 0.152838 0 0.002643 0 0 0 0 0.155481
0 0.153172 0 0.002638 0 0 0 0 0.15581
0 0.153899 0 0.0027 0 0 0 0 0.156599
0 0.152723 0 0.002555 0 0 0 0 0.155278
0 0.152702 0 0.002546 0 0 0 0 0.155248
0 0.153268 0 0.002562 0 0 0 0 0.15583
0 0.153656 0 0.002564 0 0 0 0 0.15622
0 0.153323 0 0.002591 0 0 0 0 0.155914
