0 0.349072 0 0.006339 0 0 0 0 0.355411
0 0.409627 0 0.012249 0 0 0 0 0.421876
0 0.408231 0 0.022273 0 0 0 0 0.430504
0 0.566004 0 0.005024 0 0 0 0 0.571028
0 0.365875 0 0.005473 0 0 0 0 0.371348
0 0.402298 0 0.00541 0 0 0 0 0.407708
0 0.44492 0 0.005285 0 0 0 0 0.450205
0 0.420413 0 0.014726 0 0 0 0 0.435139
0 0.376586 0 0.005452 0 0 0 0 0.382038
0 0.379918 0 0.005247 0 0 0 0 0.385165
0 0.354552 0 0.005213 0 0 0 0 0.359765
0 0.373298 0 0.005925 0 0 0 0 0.379223
0 0.357216 0 0.005643 0 0 0 0 0.362859
0 0.401575 0 0.006338 0 0 0 0 0.407913
0 0.373375 0 0.012241 0 0 0 0 0.385616
0 0.399169 0 0.005277 0 0 0 0 0.404446
0 0.360718 0 0.005071 0 0 0 0 0.365789
0 0.476534 0 0.005545 0 0 0 0 0.482079
0 0.386662 0 0.005555 0 0 0 0 0.392217
0 0.555918 0 0.015153 0 0 0 0 0.571071
0 0.393648 0 0.005503 0 0 0 0 0.399151
0 0.453472 0 0.014614 0 0 0 0 0.468086
0 0.439709 0 0.005705 0 0 0 0 0.445414
0 0.374879 0 0.012753 0 0 0 0 0.387632
0 0.383532 0 0.005627 0 0 0 0 0.389159
0 0.517355 0 0.005047 0 0 0 0 0.522402
0 0.466228 0 0.015245 0 0 0 0 0.481473
0 0.404097 0 0.006483 0 0 0 0 0.41058
0 0.439073 0 0.005324 0 0 0 0 0.444397
0 0.375451 0 0.0056 0 0 0 0 0.381051
