0 0.129908 0 0.002566 0 0 0 0 0.132474
0 0.154515 0 0.002657 0 0 0 0 0.157172
0 0.156059 0 0.002633 0 0 0 0 0.158692
0 0.156958 0 0.002652 0 0 0 0 0.15961
0 0.156843 0 0.002616 0 0 0 0 0.159459
0 0.158715 0 0.002683 0 0 0 0 0.161398
0 0.158071 0 0.002631 0 0 0 0 0.160702
0 0.166857 0 0.004582 0 0 0 0 0.171439
0 0.167835 0 0.002689 0 0 0 0 0.170524
0 0.157181 0 0.002664 0 0 0 0 0.159845
0 0.158004 0 0.002631 0 0 0 0 0.160635
0 0.158288 0 0.002633 0 0 0 0 0.160921
0 0.158818 0 0.002682 0 0 0 0 0.1615
0 0.158544 0 0.002677 0 0 0 0 0.161221
0 0.157512 0 0.002577 0 0 0 0 0.160089
0 0.157912 0 0.002852 0 0 0 0 0.160764
0 0.158891 0 0.002742 0 0 0 0 0.161633
0 0.157297 0 0.002662 0 0 0 0 0.159959
0 0.158966 0 0.002666 0 0 0 0 0.161632
0 0.158271 0 0.002586 0 0 0 0 0.160857
0 0.158578 0 0.00274 0 0 0 0 0.161318
0 0.157672 0 0.00273 0 0 0 0 0.160402
0 0.159757 0 0.002712 0 0 0 0 0.162469
0 0.159724 0 0.002729 0 0 0 0 0.162453
0 0.159413 0 0.002644 0 0 0 0 0.162057
0 0.15999 0 0.002688 0 0 0 0 0.162678
0 0.157273 0 0.002683 0 0 0 0 0.159956
0 0.158255 0 0.002677 0 0 0 0 0.160932
0 0.159229 0 0.002727 0 0 0 0 0.161956
0 0.15736 0 0.002661 0 0 0 0 0.160021
0 0.158761 0 0.002681 0 0 0 0 0.161442
0 0.159049 0 0.002658 0 0 0 0 0.161707
0 0.159054 0 0.002677 0 0 0 0 0.161731
0 0.159353 0 0.002832 0 0 0 0 0.162185
0 0.158637 0 0.002738 0 0 0 0 0.161375
0 0.158719 0 0.002644 0 0 0 0 0.161363
0 0.158018 0 0.002662 0 0 0 0 0.16068
0 0.15867 0 0.002667 0 0 0 0 0.161337
0 0.158586 0 0.002662 0 0 0 0 0.161248
0 0.158421 0 0.002653 0 0 0 0 0.161074
0 0.158622 0 0.002678 0 0 0 0 0.1613
0 0.158508 0 0.002672 0 0 0 0 0.16118
0 0.15941 0 0.002665 0 0 0 0 0.162075
0 0.161581 0 0.002748 0 0 0 0 0.164329
0 0.161498 0 0.002719 0 0 0 0 0.164217
0 0.160437 0 0.002725 0 0 0 0 0.163162
0 0.160023 0 0.002704 0 0 0 0 0.162727
0 0.160791 0 0.002778 0 0 0 0 0.163569
0 0.159816 0 0.002732 0 0 0 0 0.162548
0 0.160141 0 0.002735 0 0 0 0 0.162876
