0 0.134668 0 0.002395 0 0 0 0 0.137063
0 0.149099 0 0.002826 0 0 0 0 0.151925
0 0.152433 0 0.002638 0 0 0 0 0.155071
0 0.170458 0 0.002799 0 0 0 0 0.173257
0 0.163015 0 0.002747 0 0 0 0 0.165762
0 0.162516 0 0.002744 0 0 0 0 0.16526
0 0.162111 0 0.002788 0 0 0 0 0.164899
0 0.16217 0 0.002737 0 0 0 0 0.164907
0 0.162354 0 0.002788 0 0 0 0 0.165142
0 0.162367 0 0.002753 0 0 0 0 0.16512
0 0.163453 0 0.00284 0 0 0 0 0.166293
0 0.163808 0 0.002794 0 0 0 0 0.166602
0 0.163631 0 0.002774 0 0 0 0 0.166405
0 0.16491 0 0.002768 0 0 0 0 0.167678
0 0.164424 0 0.002821 0 0 0 0 0.167245
0 0.165729 0 0.002804 0 0 0 0 0.168533
0 0.163036 0 0.002777 0 0 0 0 0.165813
0 0.16298 0 0.002781 0 0 0 0 0.165761
0 0.163208 0 0.002789 0 0 0 0 0.165997
0 0.163405 0 0.002881 0 0 0 0 0.166286
0 0.164428 0 0.002894 0 0 0 0 0.167322
0 0.162481 0 0.002833 0 0 0 0 0.165314
0 0.162749 0 0.002795 0 0 0 0 0.165544
0 0.163152 0 0.002746 0 0 0 0 0.165898
0 0.163407 0 0.002809 0 0 0 0 0.166216
0 0.162882 0 0.002826 0 0 0 0 0.165708
0 0.163828 0 0.002784 0 0 0 0 0.166612
0 0.166075 0 0.002752 0 0 0 0 0.168827
0 0.162847 0 0.002827 0 0 0 0 0.165674
0 0.164098 0 0.002796 0 0 0 0 0.166894
0 0.164921 0 0.002811 0 0 0 0 0.167732
0 0.164778 0 0.002866 0 0 0 0 0.167644
0 0.162973 0 0.002778 0 0 0 0 0.165751
0 0.1627 0 0.002774 0 0 0 0 0.165474
0 0.163582 0 0.002821 0 0 0 0 0.166403
0 0.163039 0 0.002809 0 0 0 0 0.165848
0 0.163328 0 0.002851 0 0 0 0 0.166179
0 0.165839 0 0.002882 0 0 0 0 0.168721
0 0.161683 0 0.002707 0 0 0 0 0.16439
0 0.162016 0 0.002814 0 0 0 0 0.16483
0 0.161352 0 0.002745 0 0 0 0 0.164097
0 0.161287 0 0.00277 0 0 0 0 0.164057
0 0.162279 0 0.002703 0 0 0 0 0.164982
0 0.163856 0 0.002767 0 0 0 0 0.166623
0 0.161701 0 0.00274 0 0 0 0 0.164441
0 0.161597 0 0.002708 0 0 0 0 0.164305
0 0.161543 0 0.002748 0 0 0 0 0.164291
0 0.162537 0 0.002773 0 0 0 0 0.16531
0 0.162 0 0.002727 0 0 0 0 0.164727
0 0.164047 0 0.002799 0 0 0 0 0.166846
