0 0.174315 0 0.346845 0 0 0 0 0.52116
0 0.194832 0 0.263658 0 0 0 0 0.45849
0 0.20225 0 0.136785 0 0 0 0 0.339035
0 0.199436 0 0.607938 0 0 0 0 0.807374
0 0.200726 0 0.221874 0 0 0 0 0.4226
0 0.207076 0 0.245619 0 0 0 0 0.452695
0 0.217875 0 0.271867 0 0 0 0 0.489742
0 0.205062 0 0.23916 0 0 0 0 0.444222
0 0.204625 0 0.201251 0 0 0 0 0.405876
0 0.206461 0 0.229553 0 0 0 0 0.436014
0 0.203404 0 0.254674 0 0 0 0 0.458078
0 0.206246 0 0.262858 0 0 0 0 0.469104
0 0.201566 0 0.321009 0 0 0 0 0.522575
0 0.213985 0 0.29752 0 0 0 0 0.511505
0 0.205129 0 0.334072 0 0 0 0 0.539201
0 0.204037 0 0.332632 0 0 0 0 0.536669
0 0.205182 0 0.340312 0 0 0 0 0.545494
0 0.205312 0 0.3358 0 0 0 0 0.541112
0 0.204044 0 0.35239 0 0 0 0 0.556434
0 0.206971 0 0.354448 0 0 0 0 0.561419
0 0.209037 0 0.315344 0 0 0 0 0.524381
0 0.20676 0 0.311548 0 0 0 0 0.518308
0 0.208262 0 0.319 0 0 0 0 0.527262
0 0.206259 0 0.283556 0 0 0 0 0.489815
0 0.207108 0 0.332194 0 0 0 0 0.539302
0 0.205911 0 0.336944 0 0 0 0 0.542855
0 0.205272 0 0.294331 0 0 0 0 0.499603
0 0.204357 0 0.327669 0 0 0 0 0.532026
0 0.20283 0 0.351054 0 0 0 0 0.553884
0 0.208637 0 0.3122 0 0 0 0 0.520837
0 0.204909 0 0.337965 0 0 0 0 0.542874
0 0.201884 0 0.320396 0 0 0 0 0.52228
0 0.208078 0 0.315965 0 0 0 0 0.524043
0 0.204808 0 0.302364 0 0 0 0 0.507172
0 0.207643 0 0.318039 0 0 0 0 0.525682
0 0.206705 0 0.322263 0 0 0 0 0.528968
0 0.208588 0 0.304936 0 0 0 0 0.513524
0 0.207867 0 0.323078 0 0 0 0 0.530945
0 0.204771 0 0.30709 0 0 0 0 0.511861
0 0.203166 0 0.311642 0 0 0 0 0.514808
0 0.206475 0 0.345057 0 0 0 0 0.551532
