0 0.12614 0 0.002351 0 0 0 0 0.128491
0 0.147048 0 0.002575 0 0 0 0 0.149623
0 0.148777 0 0.002622 0 0 0 0 0.151399
0 0.149961 0 0.002553 0 0 0 0 0.152514
0 0.14936 0 0.002585 0 0 0 0 0.151945
0 0.15306 0 0.00265 0 0 0 0 0.15571
0 0.153054 0 0.002709 0 0 0 0 0.155763
0 0.152467 0 0.002573 0 0 0 0 0.15504
0 0.151842 0 0.002575 0 0 0 0 0.154417
0 0.152924 0 0.002622 0 0 0 0 0.155546
0 0.15299 0 0.002687 0 0 0 0 0.155677
0 0.152636 0 0.002641 0 0 0 0 0.155277
0 0.153024 0 0.002599 0 0 0 0 0.155623
0 0.152098 0 0.002564 0 0 0 0 0.154662
0 0.15345 0 0.002649 0 0 0 0 0.156099
0 0.15388 0 0.002689 0 0 0 0 0.156569
0 0.152366 0 0.002648 0 0 0 0 0.155014
0 0.153081 0 0.002614 0 0 0 0 0.155695
0 0.152914 0 0.002635 0 0 0 0 0.155549
0 0.153798 0 0.002612 0 0 0 0 0.15641
0 0.152921 0 0.002571 0 0 0 0 0.155492
0 0.153894 0 0.002614 0 0 0 0 0.156508
0 0.151942 0 0.002603 0 0 0 0 0.154545
0 0.152619 0 0.002661 0 0 0 0 0.15528
0 0.154436 0 0.002601 0 0 0 0 0.157037
0 0.154877 0 0.002577 0 0 0 0 0.157454
0 0.151629 0 0.002558 0 0 0 0 0.154187
0 0.152784 0 0.002655 0 0 0 0 0.155439
0 0.153864 0 0.002587 0 0 0 0 0.156451
0 0.151642 0 0.002599 0 0 0 0 0.154241
0 0.154069 0 0.002655 0 0 0 0 0.156724
0 0.154468 0 0.002625 0 0 0 0 0.157093
0 0.15312 0 0.002632 0 0 0 0 0.155752
0 0.153925 0 0.002664 0 0 0 0 0.156589
0 0.154699 0 0.002646 0 0 0 0 0.157345
0 0.153654 0 0.002572 0 0 0 0 0.156226
0 0.153666 0 0.002598 0 0 0 0 0.156264
0 0.153183 0 0.002646 0 0 0 0 0.155829
0 0.153017 0 0.002562 0 0 0 0 0.155579
0 0.151925 0 0.002691 0 0 0 0 0.154616
0 0.152816 0 0.002619 0 0 0 0 0.155435
0 0.152324 0 0.002655 0 0 0 0 0.154979
0 0.154007 0 0.002604 0 0 0 0 0.156611
0 0.153678 0 0.002604 0 0 0 0 0.156282
0 0.153536 0 0.002576 0 0 0 0 0.156112
0 0.15228 0 0.002586 0 0 0 0 0.154866
0 0.152984 0 0.002595 0 0 0 0 0.155579
0 0.153042 0 0.002602 0 0 0 0 0.155644
0 0.153569 0 0.002558 0 0 0 0 0.156127
0 0.154177 0 0.002622 0 0 0 0 0.156799
