0 0.125264 0 0.002352 0 0 0 0 0.127616
0 0.146438 0 0.00265 0 0 0 0 0.149088
0 0.157656 0 0.002717 0 0 0 0 0.160373
0 0.153843 0 0.002582 0 0 0 0 0.156425
0 0.153165 0 0.002633 0 0 0 0 0.155798
0 0.151822 0 0.002569 0 0 0 0 0.154391
0 0.153606 0 0.002646 0 0 0 0 0.156252
0 0.152354 0 0.002553 0 0 0 0 0.154907
0 0.152466 0 0.00262 0 0 0 0 0.155086
0 0.151705 0 0.002633 0 0 0 0 0.154338
0 0.151275 0 0.002569 0 0 0 0 0.153844
0 0.153452 0 0.002644 0 0 0 0 0.156096
0 0.1528 0 0.002631 0 0 0 0 0.155431
0 0.153544 0 0.0026 0 0 0 0 0.156144
0 0.15373 0 0.002605 0 0 0 0 0.156335
0 0.15372 0 0.002664 0 0 0 0 0.156384
0 0.154273 0 0.002668 0 0 0 0 0.156941
0 0.153708 0 0.002593 0 0 0 0 0.156301
0 0.153829 0 0.002593 0 0 0 0 0.156422
0 0.15384 0 0.00258 0 0 0 0 0.15642
0 0.152942 0 0.002652 0 0 0 0 0.155594
0 0.153308 0 0.002581 0 0 0 0 0.155889
0 0.154407 0 0.002618 0 0 0 0 0.157025
0 0.153807 0 0.002597 0 0 0 0 0.156404
0 0.152964 0 0.002651 0 0 0 0 0.155615
0 0.152614 0 0.002531 0 0 0 0 0.155145
0 0.153793 0 0.002599 0 0 0 0 0.156392
0 0.153051 0 0.002642 0 0 0 0 0.155693
0 0.152379 0 0.002539 0 0 0 0 0.154918
0 0.152698 0 0.00259 0 0 0 0 0.155288
0 0.152204 0 0.002634 0 0 0 0 0.154838
0 0.152088 0 0.002639 0 0 0 0 0.154727
0 0.154416 0 0.00266 0 0 0 0 0.157076
0 0.152018 0 0.002591 0 0 0 0 0.154609
0 0.151963 0 0.002644 0 0 0 0 0.154607
0 0.151968 0 0.002545 0 0 0 0 0.154513
0 0.15254 0 0.002661 0 0 0 0 0.155201
0 0.154707 0 0.002598 0 0 0 0 0.157305
0 0.153524 0 0.002679 0 0 0 0 0.156203
0 0.153193 0 0.002587 0 0 0 0 0.15578
0 0.153496 0 0.002604 0 0 0 0 0.1561
0 0.156036 0 0.002646 0 0 0 0 0.158682
0 0.155222 0 0.002652 0 0 0 0 0.157874
0 0.154925 0 0.002693 0 0 0 0 0.157618
0 0.155057 0 0.002699 0 0 0 0 0.157756
0 0.154484 0 0.002675 0 0 0 0 0.157159
0 0.154715 0 0.002679 0 0 0 0 0.157394
0 0.155279 0 0.002696 0 0 0 0 0.157975
0 0.155409 0 0.00271 0 0 0 0 0.158119
0 0.155349 0 0.002663 0 0 0 0 0.158012
