0 0.341373 0 0.005221 0 0 0 0 0.346594
0 0.375023 0 0.006349 0 0 0 0 0.381372
0 0.388771 0 0.012322 0 0 0 0 0.401093
0 0.53115 0 0.01457 0 0 0 0 0.54572
0 0.550837 0 0.011168 0 0 0 0 0.562005
0 0.418508 0 0.022193 0 0 0 0 0.440701
0 0.375428 0 0.005418 0 0 0 0 0.380846
0 0.441371 0 0.005044 0 0 0 0 0.446415
0 0.434146 0 0.013495 0 0 0 0 0.447641
0 0.434189 0 0.010194 0 0 0 0 0.444383
0 0.405796 0 0.006129 0 0 0 0 0.411925
0 0.425703 0 0.005022 0 0 0 0 0.430725
0 0.437052 0 0.014338 0 0 0 0 0.45139
0 0.379958 0 0.005205 0 0 0 0 0.385163
0 0.383553 0 0.005396 0 0 0 0 0.388949
0 0.412512 0 0.022932 0 0 0 0 0.435444
0 0.385784 0 0.005016 0 0 0 0 0.3908
0 0.471342 0 0.005737 0 0 0 0 0.477079
0 0.501306 0 0.005335 0 0 0 0 0.506641
0 0.388306 0 0.005899 0 0 0 0 0.394205
0 0.38661 0 0.005343 0 0 0 0 0.391953
0 0.419431 0 0.01275 0 0 0 0 0.432181
0 0.563834 0 0.014601 0 0 0 0 0.578435
0 0.37556 0 0.005264 0 0 0 0 0.380824
0 0.3953 0 0.005387 0 0 0 0 0.400687
0 0.488873 0 0.015195 0 0 0 0 0.504068
0 0.385423 0 0.150556 0 0 0 0 0.535979
0 0.460825 0 0.107001 0 0 0 0 0.567826
0 0.438532 0 0.112436 0 0 0 0 0.550968
0 0.353571 0 0.150026 0 0 0 0 0.503597
0 0.474272 0 0.11116 0 0 0 0 0.585432
0 0.357064 0 0.143129 0 0 0 0 0.500193
0 0.403723 0 0.115877 0 0 0 0 0.5196
0 0.465778 0 0.107913 0 0 0 0 0.573691
0 0.513771 0 0.083879 0 0 0 0 0.59765
0 0.383718 0 0.094063 0 0 0 0 0.477781
0 0.345937 0 0.105209 0 0 0 0 0.451146
0 0.33904 0 0.097896 0 0 0 0 0.436936
0 0.364645 0 0.130713 0 0 0 0 0.495358
0 0.367022 0 0.13775 0 0 0 0 0.504772
