0 0.359733 0 0.014334 0 0 0 0 0.374067
0 0.369681 0 0.005207 0 0 0 0 0.374888
0 0.408876 0 0.005319 0 0 0 0 0.414195
0 0.579803 0 0.006122 0 0 0 0 0.585925
0 0.459289 0 0.01423 0 0 0 0 0.473519
0 0.392539 0 0.011951 0 0 0 0 0.40449
0 0.397447 0 0.005378 0 0 0 0 0.402825
0 0.460227 0 0.005331 0 0 0 0 0.465558
0 0.558224 0 0.013552 0 0 0 0 0.571776
0 0.39594 0 0.005216 0 0 0 0 0.401156
0 0.452592 0 0.011139 0 0 0 0 0.463731
0 0.449213 0 0.013441 0 0 0 0 0.462654
0 0.503978 0 0.012617 0 0 0 0 0.516595
0 0.559283 0 0.0136 0 0 0 0 0.572883
0 0.362027 0 0.005302 0 0 0 0 0.367329
0 0.508548 0 0.01288 0 0 0 0 0.521428
0 0.396932 0 0.015316 0 0 0 0 0.412248
0 0.432423 0 0.011496 0 0 0 0 0.443919
0 0.424423 0 0.015559 0 0 0 0 0.439982
0 0.455992 0 0.012211 0 0 0 0 0.468203
0 0.384571 0 0.005377 0 0 0 0 0.389948
0 0.481892 0 0.003204 0 0 0 0 0.485096
0 0.375022 0 0.005545 0 0 0 0 0.380567
0 0.466502 0 0.013535 0 0 0 0 0.480037
0 0.357017 0 0.005504 0 0 0 0 0.362521
0 0.39454 0 0.005187 0 0 0 0 0.399727
0 0.349881 0 0.005409 0 0 0 0 0.35529
0 0.376446 0 0.00547 0 0 0 0 0.381916
0 0.548614 0 0.012643 0 0 0 0 0.561257
0 0.438602 0 0.098898 0 0 0 0 0.5375
0 0.496271 0 0.097111 0 0 0 0 0.593382
0 0.378122 0 0.138966 0 0 0 0 0.517088
0 0.341436 0 0.175143 0 0 0 0 0.516579
0 0.401102 0 0.203426 0 0 0 0 0.604528
0 0.336682 0 0.157004 0 0 0 0 0.493686
0 0.391216 0 0.132668 0 0 0 0 0.523884
0 0.41012 0 0.107044 0 0 0 0 0.517164
0 0.522597 0 0.096136 0 0 0 0 0.618733
0 0.44683 0 0.11556 0 0 0 0 0.56239
0 0.368271 0 0.164225 0 0 0 0 0.532496
