0 0.140968 0 0.00261 0 0 0 0 0.143578
0 0.162709 0 0.002799 0 0 0 0 0.165508
0 0.16577 0 0.002831 0 0 0 0 0.168601
0 0.165571 0 0.002831 0 0 0 0 0.168402
0 0.166339 0 0.003033 0 0 0 0 0.169372
0 0.166831 0 0.002831 0 0 0 0 0.169662
0 0.166324 0 0.002834 0 0 0 0 0.169158
0 0.16997 0 0.00287 0 0 0 0 0.17284
0 0.170199 0 0.002821 0 0 0 0 0.17302
0 0.170129 0 0.002861 0 0 0 0 0.17299
0 0.171156 0 0.002839 0 0 0 0 0.173995
0 0.169862 0 0.002851 0 0 0 0 0.172713
0 0.170506 0 0.002817 0 0 0 0 0.173323
0 0.170876 0 0.002924 0 0 0 0 0.1738
0 0.169136 0 0.002967 0 0 0 0 0.172103
0 0.174442 0 0.003064 0 0 0 0 0.177506
0 0.170592 0 0.002804 0 0 0 0 0.173396
0 0.172718 0 0.002977 0 0 0 0 0.175695
0 0.172158 0 0.003066 0 0 0 0 0.175224
0 0.1702 0 0.002871 0 0 0 0 0.173071
0 0.17032 0 0.002843 0 0 0 0 0.173163
0 0.171134 0 0.002849 0 0 0 0 0.173983
0 0.170438 0 0.002872 0 0 0 0 0.17331
0 0.170188 0 0.00281 0 0 0 0 0.172998
0 0.170141 0 0.002868 0 0 0 0 0.173009
0 0.170277 0 0.002854 0 0 0 0 0.173131
0 0.17108 0 0.002842 0 0 0 0 0.173922
0 0.170587 0 0.002817 0 0 0 0 0.173404
0 0.170508 0 0.002803 0 0 0 0 0.173311
0 0.169701 0 0.002937 0 0 0 0 0.172638
