0 0.127716 0 0.002426 0 0 0 0 0.130142
0 0.146776 0 0.002528 0 0 0 0 0.149304
0 0.149206 0 0.002545 0 0 0 0 0.151751
0 0.149978 0 0.002572 0 0 0 0 0.15255
0 0.153857 0 0.002687 0 0 0 0 0.156544
0 0.149953 0 0.002527 0 0 0 0 0.15248
0 0.149733 0 0.002573 0 0 0 0 0.152306
0 0.15023 0 0.002558 0 0 0 0 0.152788
0 0.151064 0 0.002561 0 0 0 0 0.153625
0 0.150565 0 0.00255 0 0 0 0 0.153115
0 0.150099 0 0.002552 0 0 0 0 0.152651
0 0.150611 0 0.00255 0 0 0 0 0.153161
0 0.150093 0 0.002549 0 0 0 0 0.152642
0 0.150878 0 0.002589 0 0 0 0 0.153467
0 0.151786 0 0.002556 0 0 0 0 0.154342
0 0.152572 0 0.00263 0 0 0 0 0.155202
0 0.150976 0 0.002559 0 0 0 0 0.153535
0 0.151256 0 0.002603 0 0 0 0 0.153859
0 0.150507 0 0.002561 0 0 0 0 0.153068
0 0.150546 0 0.002538 0 0 0 0 0.153084
0 0.151015 0 0.002587 0 0 0 0 0.153602
0 0.151225 0 0.002561 0 0 0 0 0.153786
0 0.150178 0 0.002572 0 0 0 0 0.15275
0 0.152484 0 0.002648 0 0 0 0 0.155132
0 0.150903 0 0.002589 0 0 0 0 0.153492
0 0.150626 0 0.002603 0 0 0 0 0.153229
0 0.15092 0 0.002583 0 0 0 0 0.153503
0 0.150843 0 0.002564 0 0 0 0 0.153407
0 0.151807 0 0.002548 0 0 0 0 0.154355
0 0.150845 0 0.002583 0 0 0 0 0.153428
0 0.151815 0 0.002599 0 0 0 0 0.154414
0 0.150855 0 0.002547 0 0 0 0 0.153402
0 0.152129 0 0.002643 0 0 0 0 0.154772
0 0.152024 0 0.002583 0 0 0 0 0.154607
0 0.151536 0 0.002566 0 0 0 0 0.154102
0 0.151609 0 0.002644 0 0 0 0 0.154253
0 0.151515 0 0.002611 0 0 0 0 0.154126
0 0.150109 0 0.002585 0 0 0 0 0.152694
0 0.150708 0 0.00264 0 0 0 0 0.153348
0 0.151344 0 0.002613 0 0 0 0 0.153957
