0 0.12892 0 0.002394 0 0 0 0 0.131314
0 0.148556 0 0.002573 0 0 0 0 0.151129
0 0.151329 0 0.002567 0 0 0 0 0.153896
0 0.151653 0 0.002581 0 0 0 0 0.154234
0 0.151614 0 0.002543 0 0 0 0 0.154157
0 0.153898 0 0.002584 0 0 0 0 0.156482
0 0.152809 0 0.002647 0 0 0 0 0.155456
0 0.152223 0 0.002554 0 0 0 0 0.154777
0 0.15193 0 0.002594 0 0 0 0 0.154524
0 0.151454 0 0.002611 0 0 0 0 0.154065
0 0.15159 0 0.002597 0 0 0 0 0.154187
0 0.152256 0 0.002629 0 0 0 0 0.154885
0 0.152077 0 0.002601 0 0 0 0 0.154678
0 0.151252 0 0.002568 0 0 0 0 0.15382
0 0.15199 0 0.002711 0 0 0 0 0.154701
0 0.152738 0 0.002618 0 0 0 0 0.155356
0 0.151435 0 0.00262 0 0 0 0 0.154055
0 0.152302 0 0.002608 0 0 0 0 0.15491
0 0.152437 0 0.045041 0 0 0 0 0.197478
0 0.153327 0 0.045171 0 0 0 0 0.198498
0 0.153789 0 0.044412 0 0 0 0 0.198201
0 0.15265 0 0.044351 0 0 0 0 0.197001
0 0.153723 0 0.044414 0 0 0 0 0.198137
0 0.15567 0 0.045332 0 0 0 0 0.201002
0 0.154881 0 0.044984 0 0 0 0 0.199865
0 0.155216 0 0.045521 0 0 0 0 0.200737
0 0.155606 0 0.045254 0 0 0 0 0.20086
0 0.155953 0 0.044862 0 0 0 0 0.200815
0 0.155144 0 0.044111 0 0 0 0 0.199255
0 0.155102 0 0.043692 0 0 0 0 0.198794
0 0.155764 0 0.044239 0 0 0 0 0.200003
0 0.15562 0 0.043717 0 0 0 0 0.199337
0 0.154145 0 0.04398 0 0 0 0 0.198125
0 0.153524 0 0.043222 0 0 0 0 0.196746
0 0.155576 0 0.043104 0 0 0 0 0.19868
0 0.153833 0 0.04205 0 0 0 0 0.195883
0 0.154091 0 0.042656 0 0 0 0 0.196747
0 0.15455 0 0.043577 0 0 0 0 0.198127
0 0.15322 0 0.041804 0 0 0 0 0.195024
0 0.154909 0 0.043021 0 0 0 0 0.19793
0 0.155337 0 0.04248 0 0 0 0 0.197817
0 0.154844 0 0.043121 0 0 0 0 0.197965
0 0.155186 0 0.043018 0 0 0 0 0.198204
0 0.1551 0 0.042648 0 0 0 0 0.197748
0 0.15515 0 0.043008 0 0 0 0 0.198158
0 0.156639 0 0.042446 0 0 0 0 0.199085
0 0.155427 0 0.042334 0 0 0 0 0.197761
0 0.155007 0 0.042891 0 0 0 0 0.197898
0 0.154749 0 0.042624 0 0 0 0 0.197373
0 0.155119 0 0.043161 0 0 0 0 0.19828
