0 0.126132 0 0.072836 0 0 0 0 0.198968
0 0.148161 0 0.076276 0 0 0 0 0.224437
0 0.149587 0 0.076951 0 0 0 0 0.226538
0 0.149905 0 0.077604 0 0 0 0 0.227509
0 0.152753 0 0.077269 0 0 0 0 0.230022
0 0.151587 0 0.077966 0 0 0 0 0.229553
0 0.1523 0 0.080339 0 0 0 0 0.232639
0 0.154498 0 0.077875 0 0 0 0 0.232373
0 0.151141 0 0.077443 0 0 0 0 0.228584
0 0.152473 0 0.078936 0 0 0 0 0.231409
0 0.151862 0 0.080798 0 0 0 0 0.23266
0 0.150972 0 0.077664 0 0 0 0 0.228636
0 0.15139 0 0.077574 0 0 0 0 0.228964
0 0.152011 0 0.077867 0 0 0 0 0.229878
0 0.151726 0 0.077528 0 0 0 0 0.229254
0 0.151356 0 0.077753 0 0 0 0 0.229109
0 0.151593 0 0.07741 0 0 0 0 0.229003
0 0.153224 0 0.078047 0 0 0 0 0.231271
0 0.152307 0 0.077593 0 0 0 0 0.2299
0 0.151057 0 0.077268 0 0 0 0 0.228325
