0 0.128261 0 0.002419 0 0 0 0 0.13068
0 0.14931 0 0.002616 0 0 0 0 0.151926
0 0.149435 0 0.002621 0 0 0 0 0.152056
0 0.150798 0 0.002601 0 0 0 0 0.153399
0 0.151242 0 0.002621 0 0 0 0 0.153863
0 0.151685 0 0.0026 0 0 0 0 0.154285
0 0.152087 0 0.002699 0 0 0 0 0.154786
0 0.15309 0 0.002648 0 0 0 0 0.155738
0 0.153671 0 0.002641 0 0 0 0 0.156312
0 0.153157 0 0.002638 0 0 0 0 0.155795
0 0.153609 0 0.002641 0 0 0 0 0.15625
0 0.154005 0 0.00275 0 0 0 0 0.156755
0 0.15448 0 0.002714 0 0 0 0 0.157194
0 0.153766 0 0.002738 0 0 0 0 0.156504
0 0.153952 0 0.002751 0 0 0 0 0.156703
0 0.153573 0 0.002686 0 0 0 0 0.156259
0 0.154311 0 0.002796 0 0 0 0 0.157107
0 0.154098 0 0.002746 0 0 0 0 0.156844
0 0.153728 0 0.002773 0 0 0 0 0.156501
0 0.154187 0 0.00273 0 0 0 0 0.156917
0 0.154315 0 0.002695 0 0 0 0 0.15701
0 0.153436 0 0.002679 0 0 0 0 0.156115
0 0.154225 0 0.002667 0 0 0 0 0.156892
0 0.153905 0 0.002642 0 0 0 0 0.156547
0 0.153794 0 0.002652 0 0 0 0 0.156446
0 0.15425 0 0.002595 0 0 0 0 0.156845
0 0.154035 0 0.002607 0 0 0 0 0.156642
0 0.153896 0 0.002646 0 0 0 0 0.156542
0 0.154163 0 0.002665 0 0 0 0 0.156828
0 0.15444 0 0.002632 0 0 0 0 0.157072
0 0.154507 0 0.002611 0 0 0 0 0.157118
0 0.153979 0 0.002647 0 0 0 0 0.156626
0 0.153872 0 0.002633 0 0 0 0 0.156505
0 0.154199 0 0.002612 0 0 0 0 0.156811
0 0.154253 0 0.00263 0 0 0 0 0.156883
0 0.153502 0 0.002649 0 0 0 0 0.156151
0 0.15433 0 0.002748 0 0 0 0 0.157078
0 0.155755 0 0.00272 0 0 0 0 0.158475
0 0.155358 0 0.002728 0 0 0 0 0.158086
0 0.15489 0 0.002698 0 0 0 0 0.157588
