0 0.123712 0 0.002444 0 0 0 0 0.126156
0 0.152755 0 0.002614 0 0 0 0 0.155369
0 0.15386 0 0.002596 0 0 0 0 0.156456
0 0.153457 0 0.002619 0 0 0 0 0.156076
0 0.154061 0 0.00264 0 0 0 0 0.156701
0 0.154103 0 0.002639 0 0 0 0 0.156742
0 0.154148 0 0.002572 0 0 0 0 0.15672
0 0.155188 0 0.002654 0 0 0 0 0.157842
0 0.155864 0 0.002614 0 0 0 0 0.158478
0 0.156167 0 0.00269 0 0 0 0 0.158857
0 0.153968 0 0.002574 0 0 0 0 0.156542
0 0.152716 0 0.002945 0 0 0 0 0.155661
0 0.154964 0 0.002623 0 0 0 0 0.157587
0 0.155493 0 0.00259 0 0 0 0 0.158083
0 0.1557 0 0.002622 0 0 0 0 0.158322
0 0.156594 0 0.002674 0 0 0 0 0.159268
0 0.156761 0 0.002751 0 0 0 0 0.159512
0 0.157742 0 0.002686 0 0 0 0 0.160428
0 0.155538 0 0.00266 0 0 0 0 0.158198
0 0.156216 0 0.002638 0 0 0 0 0.158854
0 0.156092 0 0.002654 0 0 0 0 0.158746
0 0.156505 0 0.002665 0 0 0 0 0.15917
0 0.154791 0 0.002643 0 0 0 0 0.157434
0 0.155848 0 0.00268 0 0 0 0 0.158528
0 0.155558 0 0.002638 0 0 0 0 0.158196
0 0.154418 0 0.00259 0 0 0 0 0.157008
0 0.157195 0 0.002649 0 0 0 0 0.159844
0 0.15592 0 0.002698 0 0 0 0 0.158618
0 0.155269 0 0.00266 0 0 0 0 0.157929
0 0.155274 0 0.003005 0 0 0 0 0.158279
0 0.154871 0 0.002597 0 0 0 0 0.157468
0 0.155889 0 0.002696 0 0 0 0 0.158585
0 0.156617 0 0.002596 0 0 0 0 0.159213
0 0.155697 0 0.002686 0 0 0 0 0.158383
0 0.15648 0 0.00267 0 0 0 0 0.15915
0 0.156308 0 0.0027 0 0 0 0 0.159008
0 0.155449 0 0.002597 0 0 0 0 0.158046
0 0.154003 0 0.002593 0 0 0 0 0.156596
0 0.155143 0 0.002611 0 0 0 0 0.157754
0 0.15449 0 0.002629 0 0 0 0 0.157119
0 0.154296 0 0.002614 0 0 0 0 0.15691
0 0.156571 0 0.002623 0 0 0 0 0.159194
0 0.155657 0 0.002646 0 0 0 0 0.158303
0 0.155283 0 0.002641 0 0 0 0 0.157924
0 0.15587 0 0.002628 0 0 0 0 0.158498
0 0.155551 0 0.002627 0 0 0 0 0.158178
0 0.155771 0 0.002696 0 0 0 0 0.158467
0 0.155435 0 0.002657 0 0 0 0 0.158092
0 0.157052 0 0.00263 0 0 0 0 0.159682
0 0.157988 0 0.002628 0 0 0 0 0.160616
