0 0.126573 0 0.002418 0 0 0 0 0.128991
0 0.14643 0 0.002577 0 0 0 0 0.149007
0 0.148288 0 0.002522 0 0 0 0 0.15081
0 0.149618 0 0.002616 0 0 0 0 0.152234
0 0.149391 0 0.002624 0 0 0 0 0.152015
0 0.149529 0 0.002601 0 0 0 0 0.15213
0 0.149119 0 0.002551 0 0 0 0 0.15167
0 0.150399 0 0.002577 0 0 0 0 0.152976
0 0.15117 0 0.002622 0 0 0 0 0.153792
0 0.15068 0 0.002558 0 0 0 0 0.153238
0 0.152675 0 0.002578 0 0 0 0 0.155253
0 0.150908 0 0.002545 0 0 0 0 0.153453
0 0.151 0 0.002583 0 0 0 0 0.153583
0 0.151591 0 0.002676 0 0 0 0 0.154267
0 0.150452 0 0.002608 0 0 0 0 0.15306
0 0.147496 0 0.002418 0 0 0 0 0.149914
0 0.147017 0 0.002429 0 0 0 0 0.149446
0 0.150627 0 0.002674 0 0 0 0 0.153301
0 0.151294 0 0.002499 0 0 0 0 0.153793
0 0.148782 0 0.002601 0 0 0 0 0.151383
0 0.147594 0 0.002567 0 0 0 0 0.150161
0 0.147676 0 0.002492 0 0 0 0 0.150168
0 0.147638 0 0.002523 0 0 0 0 0.150161
0 0.147259 0 0.00242 0 0 0 0 0.149679
0 0.14721 0 0.002405 0 0 0 0 0.149615
0 0.14829 0 0.002462 0 0 0 0 0.150752
0 0.147483 0 0.002533 0 0 0 0 0.150016
0 0.14777 0 0.002597 0 0 0 0 0.150367
0 0.147238 0 0.002511 0 0 0 0 0.149749
0 0.149002 0 0.00242 0 0 0 0 0.151422
0 0.147349 0 0.002521 0 0 0 0 0.14987
0 0.147882 0 0.002493 0 0 0 0 0.150375
0 0.147643 0 0.002522 0 0 0 0 0.150165
0 0.147412 0 0.002492 0 0 0 0 0.149904
0 0.147888 0 0.002467 0 0 0 0 0.150355
0 0.147713 0 0.002601 0 0 0 0 0.150314
0 0.147568 0 0.002625 0 0 0 0 0.150193
0 0.147487 0 0.002563 0 0 0 0 0.15005
0 0.148676 0 0.002483 0 0 0 0 0.151159
0 0.148758 0 0.002547 0 0 0 0 0.151305
0 0.148904 0 0.002403 0 0 0 0 0.151307
0 0.147014 0 0.002435 0 0 0 0 0.149449
0 0.150651 0 0.002524 0 0 0 0 0.153175
0 0.147357 0 0.002511 0 0 0 0 0.149868
0 0.147668 0 0.002409 0 0 0 0 0.150077
0 0.147829 0 0.002568 0 0 0 0 0.150397
0 0.147429 0 0.002508 0 0 0 0 0.149937
0 0.146862 0 0.00254 0 0 0 0 0.149402
0 0.148298 0 0.002534 0 0 0 0 0.150832
0 0.147873 0 0.002451 0 0 0 0 0.150324
0 0.147554 0 0.002554 0 0 0 0 0.150108
0 0.148377 0 0.002578 0 0 0 0 0.150955
0 0.14835 0 0.002507 0 0 0 0 0.150857
0 0.147447 0 0.002445 0 0 0 0 0.149892
0 0.147198 0 0.002448 0 0 0 0 0.149646
0 0.147431 0 0.002551 0 0 0 0 0.149982
0 0.146966 0 0.002441 0 0 0 0 0.149407
0 0.14757 0 0.002495 0 0 0 0 0.150065
0 0.149648 0 0.002508 0 0 0 0 0.152156
0 0.148271 0 0.002532 0 0 0 0 0.150803
