0 0.291796 0 0.005889 0 0 0 0 0.297685
0 0.384911 0 0.005936 0 0 0 0 0.390847
0 0.553696 0 0.009642 0 0 0 0 0.563338
0 0.530599 0 0.011166 0 0 0 0 0.541765
0 0.439421 0 0.005273 0 0 0 0 0.444694
0 0.355549 0 0.005416 0 0 0 0 0.360965
0 0.478821 0 0.00498 0 0 0 0 0.483801
0 0.386517 0 0.005084 0 0 0 0 0.391601
0 0.541954 0 0.015178 0 0 0 0 0.557132
0 0.395674 0 0.016336 0 0 0 0 0.41201
0 0.533377 0 0.012781 0 0 0 0 0.546158
0 0.380438 0 0.005202 0 0 0 0 0.38564
0 0.435389 0 0.005576 0 0 0 0 0.440965
0 0.529739 0 0.013471 0 0 0 0 0.54321
0 0.538087 0 0.008991 0 0 0 0 0.547078
0 0.476183 0 0.005356 0 0 0 0 0.481539
0 0.524987 0 0.013324 0 0 0 0 0.538311
0 0.37739 0 0.005451 0 0 0 0 0.382841
0 0.399366 0 0.123849 0 0 0 0 0.523215
0 0.506987 0 0.08209 0 0 0 0 0.589077
0 0.487569 0 0.075787 0 0 0 0 0.563356
0 0.460854 0 0.080903 0 0 0 0 0.541757
0 0.379857 0 0.120113 0 0 0 0 0.49997
0 0.399298 0 0.115666 0 0 0 0 0.514964
0 0.458397 0 0.084788 0 0 0 0 0.543185
0 0.546885 0 0.084471 0 0 0 0 0.631356
0 0.350754 0 0.099005 0 0 0 0 0.449759
0 0.356422 0 0.105491 0 0 0 0 0.461913
0 0.358184 0 0.097028 0 0 0 0 0.455212
0 0.419704 0 0.127084 0 0 0 0 0.546788
0 0.373289 0 0.086239 0 0 0 0 0.459528
0 0.434488 0 0.086577 0 0 0 0 0.521065
0 0.535882 0 0.065558 0 0 0 0 0.60144
0 0.494963 0 0.049485 0 0 0 0 0.544448
0 0.542173 0 0.078411 0 0 0 0 0.620584
0 0.451793 0 0.091567 0 0 0 0 0.54336
0 0.355114 0 0.12288 0 0 0 0 0.477994
0 0.38063 0 0.079231 0 0 0 0 0.459861
0 0.353398 0 0.081535 0 0 0 0 0.434933
0 0.558535 0 0.048112 0 0 0 0 0.606647
0 0.35198 0 0.095315 0 0 0 0 0.447295
0 0.388409 0 0.084732 0 0 0 0 0.473141
0 0.481668 0 0.073115 0 0 0 0 0.554783
0 0.456213 0 0.07833 0 0 0 0 0.534543
0 0.479754 0 0.077542 0 0 0 0 0.557296
0 0.535769 0 0.073803 0 0 0 0 0.609572
0 0.456939 0 0.072758 0 0 0 0 0.529697
0 0.460853 0 0.051436 0 0 0 0 0.512289
0 0.438596 0 0.07847 0 0 0 0 0.517066
0 0.30751 0 0.118567 0 0 0 0 0.426077
0 0.393708 0 0.073151 0 0 0 0 0.466859
0 0.446128 0 0.061354 0 0 0 0 0.507482
0 0.46174 0 0.059537 0 0 0 0 0.521277
0 0.349893 0 0.119798 0 0 0 0 0.469691
0 0.323317 0 0.088921 0 0 0 0 0.412238
0 0.517293 0 0.089954 0 0 0 0 0.607247
0 0.38618 0 0.12213 0 0 0 0 0.50831
0 0.392062 0 0.078064 0 0 0 0 0.470126
0 0.394535 0 0.105436 0 0 0 0 0.499971
0 0.373353 0 0.139693 0 0 0 0 0.513046
0 0.567389 0 0.065771 0 0 0 0 0.63316
0 0.455308 0 0.09924 0 0 0 0 0.554548
0 0.35157 0 0.164539 0 0 0 0 0.516109
0 0.466703 0 0.112689 0 0 0 0 0.579392
0 0.541877 0 0.129724 0 0 0 0 0.671601
0 0.354373 0 0.217496 0 0 0 0 0.571869
0 0.430787 0 0.163725 0 0 0 0 0.594512
0 0.453438 0 0.19804 0 0 0 0 0.651478
0 0.525971 0 0.196073 0 0 0 0 0.722044
0 0.44786 0 0.188019 0 0 0 0 0.635879
0 0.453882 0 0.168351 0 0 0 0 0.622233
0 0.448274 0 0.167248 0 0 0 0 0.615522
0 0.352013 0 0.190218 0 0 0 0 0.542231
0 0.468403 0 0.116484 0 0 0 0 0.584887
0 0.312217 0 0.153614 0 0 0 0 0.465831
0 0.395519 0 0.095522 0 0 0 0 0.491041
0 0.386417 0 0.142647 0 0 0 0 0.529064
0 0.381812 0 0.113829 0 0 0 0 0.495641
0 0.383524 0 0.122394 0 0 0 0 0.505918
0 0.378443 0 0.145387 0 0 0 0 0.52383
0 0.352773 0 0.132881 0 0 0 0 0.485654
0 0.357219 0 0.108827 0 0 0 0 0.466046
0 0.350955 0 0.128866 0 0 0 0 0.479821
0 0.520742 0 0.064557 0 0 0 0 0.585299
0 0.428361 0 0.088591 0 0 0 0 0.516952
0 0.383215 0 0.12133 0 0 0 0 0.504545
0 0.36682 0 0.11129 0 0 0 0 0.47811
0 0.519193 0 0.059624 0 0 0 0 0.578817
0 0.460108 0 0.079986 0 0 0 0 0.540094
0 0.334556 0 0.120582 0 0 0 0 0.455138
0 0.423277 0 0.133504 0 0 0 0 0.556781
0 0.34574 0 0.128797 0 0 0 0 0.474537
0 0.363514 0 0.100161 0 0 0 0 0.463675
0 0.493638 0 0.083139 0 0 0 0 0.576777
0 0.377021 0 0.131193 0 0 0 0 0.508214
0 0.425904 0 0.08086 0 0 0 0 0.506764
0 0.310513 0 0.115942 0 0 0 0 0.426455
0 0.565329 0 0.085363 0 0 0 0 0.650692
0 0.476499 0 0.094419 0 0 0 0 0.570918
0 0.388947 0 0.097518 0 0 0 0 0.486465
