0 0.324337 0 0.005401 0 0 0 0 0.329738
0 0.497438 0 0.011556 0 0 0 0 0.508994
0 0.370206 0 0.005321 0 0 0 0 0.375527
0 0.356745 0 0.005572 0 0 0 0 0.362317
0 0.390095 0 0.005515 0 0 0 0 0.39561
0 0.39071 0 0.005372 0 0 0 0 0.396082
0 0.477973 0 0.005009 0 0 0 0 0.482982
0 0.418598 0 0.006149 0 0 0 0 0.424747
0 0.335221 0 0.005615 0 0 0 0 0.340836
0 0.480931 0 0.012528 0 0 0 0 0.493459
0 0.437229 0 0.014558 0 0 0 0 0.451787
0 0.43739 0 0.004986 0 0 0 0 0.442376
0 0.417781 0 0.014712 0 0 0 0 0.432493
0 0.388692 0 0.006081 0 0 0 0 0.394773
0 0.373129 0 0.005696 0 0 0 0 0.378825
0 0.386745 0 0.01206 0 0 0 0 0.398805
0 0.372394 0 0.005502 0 0 0 0 0.377896
0 0.340008 0 0.005445 0 0 0 0 0.345453
0 0.408507 0 0.005698 0 0 0 0 0.414205
0 0.552567 0 0.005759 0 0 0 0 0.558326
0 0.591329 0 0.011401 0 0 0 0 0.60273
0 0.385925 0 0.005494 0 0 0 0 0.391419
0 0.414215 0 0.013385 0 0 0 0 0.4276
0 0.378022 0 0.005268 0 0 0 0 0.38329
0 0.398537 0 0.006527 0 0 0 0 0.405064
0 0.346088 0 0.005845 0 0 0 0 0.351933
0 0.448779 0 0.012851 0 0 0 0 0.46163
0 0.35165 0 0.005461 0 0 0 0 0.357111
0 0.563811 0 0.014553 0 0 0 0 0.578364
0 0.381924 0 0.005418 0 0 0 0 0.387342
0 0.545807 0 0.005294 0 0 0 0 0.551101
0 0.571836 0 0.011219 0 0 0 0 0.583055
0 0.483325 0 0.014167 0 0 0 0 0.497492
0 0.411262 0 0.012424 0 0 0 0 0.423686
0 0.404878 0 0.006259 0 0 0 0 0.411137
0 0.425462 0 0.014781 0 0 0 0 0.440243
0 0.599234 0 0.002853 0 0 0 0 0.602087
0 0.35514 0 0.006038 0 0 0 0 0.361178
0 0.359214 0 0.005759 0 0 0 0 0.364973
0 0.378635 0 0.00551 0 0 0 0 0.384145
0 0.521262 0 0.005783 0 0 0 0 0.527045
0 0.392716 0 0.015173 0 0 0 0 0.407889
0 0.406652 0 0.013818 0 0 0 0 0.42047
0 0.388952 0 0.00544 0 0 0 0 0.394392
0 0.475959 0 0.021606 0 0 0 0 0.497565
0 0.596227 0 0.003284 0 0 0 0 0.599511
0 0.509022 0 0.003853 0 0 0 0 0.512875
0 0.352239 0 0.006824 0 0 0 0 0.359063
0 0.510008 0 0.006498 0 0 0 0 0.516506
0 0.363706 0 0.006043 0 0 0 0 0.369749
0 0.42465 0 0.015887 0 0 0 0 0.440537
0 0.532078 0 0.018139 0 0 0 0 0.550217
0 0.388313 0 0.005164 0 0 0 0 0.393477
0 0.551736 0 0.015149 0 0 0 0 0.566885
0 0.406108 0 0.015302 0 0 0 0 0.42141
0 0.535351 0 0.002838 0 0 0 0 0.538189
0 0.547602 0 0.012791 0 0 0 0 0.560393
0 0.461322 0 0.005585 0 0 0 0 0.466907
0 0.358396 0 0.005248 0 0 0 0 0.363644
0 0.395209 0 0.005579 0 0 0 0 0.400788
0 0.387128 0 0.0071 0 0 0 0 0.394228
0 0.533356 0 0.005743 0 0 0 0 0.539099
0 0.530022 0 0.00796 0 0 0 0 0.537982
0 0.524382 0 0.013721 0 0 0 0 0.538103
0 0.527284 0 0.01207 0 0 0 0 0.539354
0 0.532572 0 0.005974 0 0 0 0 0.538546
0 0.399909 0 0.005479 0 0 0 0 0.405388
0 0.393355 0 0.005449 0 0 0 0 0.398804
0 0.529456 0 0.008218 0 0 0 0 0.537674
0 0.415304 0 0.013589 0 0 0 0 0.428893
0 0.395971 0 0.005241 0 0 0 0 0.401212
0 0.384419 0 0.00532 0 0 0 0 0.389739
0 0.525117 0 0.013674 0 0 0 0 0.538791
0 0.50974 0 0.0057 0 0 0 0 0.51544
0 0.392502 0 0.005569 0 0 0 0 0.398071
0 0.379753 0 0.01388 0 0 0 0 0.393633
0 0.374919 0 0.005628 0 0 0 0 0.380547
0 0.390486 0 0.011049 0 0 0 0 0.401535
0 0.514014 0 0.015378 0 0 0 0 0.529392
0 0.43735 0 0.005645 0 0 0 0 0.442995
0 0.391136 0 0.005111 0 0 0 0 0.396247
0 0.537519 0 0.014873 0 0 0 0 0.552392
0 0.534435 0 0.013598 0 0 0 0 0.548033
0 0.447898 0 0.005514 0 0 0 0 0.453412
0 0.428976 0 0.007711 0 0 0 0 0.436687
0 0.376725 0 0.008583 0 0 0 0 0.385308
0 0.374571 0 0.00549 0 0 0 0 0.380061
0 0.549253 0 0.013354 0 0 0 0 0.562607
0 0.432825 0 0.015051 0 0 0 0 0.447876
0 0.534335 0 0.005769 0 0 0 0 0.540104
0 0.37377 0 0.0067 0 0 0 0 0.38047
0 0.571752 0 0.016761 0 0 0 0 0.588513
0 0.48199 0 0.013145 0 0 0 0 0.495135
0 0.344189 0 0.00555 0 0 0 0 0.349739
0 0.371595 0 0.005244 0 0 0 0 0.376839
0 0.46921 0 0.003197 0 0 0 0 0.472407
0 0.471715 0 0.005152 0 0 0 0 0.476867
0 0.524255 0 0.009617 0 0 0 0 0.533872
0 0.391675 0 0.006269 0 0 0 0 0.397944
0 0.396019 0 0.005406 0 0 0 0 0.401425
0 0.440613 0 0.012465 0 0 0 0 0.453078
0 0.39409 0 0.005474 0 0 0 0 0.399564
0 0.431002 0 0.005562 0 0 0 0 0.436564
0 0.484009 0 0.003075 0 0 0 0 0.487084
0 0.376617 0 0.005329 0 0 0 0 0.381946
0 0.528813 0 0.014342 0 0 0 0 0.543155
0 0.372213 0 0.01417 0 0 0 0 0.386383
0 0.439898 0 0.014517 0 0 0 0 0.454415
0 0.374727 0 0.005504 0 0 0 0 0.380231
0 0.466664 0 0.005721 0 0 0 0 0.472385
0 0.374237 0 0.005314 0 0 0 0 0.379551
0 0.375452 0 0.005488 0 0 0 0 0.38094
0 0.371228 0 0.005485 0 0 0 0 0.376713
0 0.526501 0 0.002995 0 0 0 0 0.529496
0 0.444352 0 0.0144 0 0 0 0 0.458752
0 0.438545 0 0.00583 0 0 0 0 0.444375
0 0.428257 0 0.005448 0 0 0 0 0.433705
0 0.460116 0 0.00523 0 0 0 0 0.465346
0 0.556682 0 0.00558 0 0 0 0 0.562262
0 0.386528 0 0.014894 0 0 0 0 0.401422
