0 0.126438 0 0.002604 0 0 0 0 0.129042
0 0.155911 0 0.002723 0 0 0 0 0.158634
0 0.157059 0 0.002662 0 0 0 0 0.159721
0 0.160392 0 0.002746 0 0 0 0 0.163138
0 0.159624 0 0.003081 0 0 0 0 0.162705
0 0.159221 0 0.002664 0 0 0 0 0.161885
0 0.157964 0 0.002753 0 0 0 0 0.160717
0 0.15917 0 0.002695 0 0 0 0 0.161865
0 0.158676 0 0.00272 0 0 0 0 0.161396
0 0.163826 0 0.002714 0 0 0 0 0.16654
0 0.159858 0 0.002793 0 0 0 0 0.162651
0 0.158937 0 0.002648 0 0 0 0 0.161585
0 0.159934 0 0.002721 0 0 0 0 0.162655
0 0.15927 0 0.002853 0 0 0 0 0.162123
0 0.159293 0 0.002742 0 0 0 0 0.162035
0 0.159493 0 0.002713 0 0 0 0 0.162206
0 0.158692 0 0.0027 0 0 0 0 0.161392
0 0.158661 0 0.002715 0 0 0 0 0.161376
0 0.158956 0 0.002774 0 0 0 0 0.16173
0 0.159345 0 0.002946 0 0 0 0 0.162291
