0 0.439377 0 0.00519 0 0 0 0 0.444567
0 0.348166 0 0.012231 0 0 0 0 0.360397
0 0.524701 0 0.015231 0 0 0 0 0.539932
0 0.56112 0 0.012228 0 0 0 0 0.573348
0 0.584103 0 0.013452 0 0 0 0 0.597555
0 0.457241 0 0.006401 0 0 0 0 0.463642
0 0.359544 0 0.012855 0 0 0 0 0.372399
0 0.360733 0 0.005409 0 0 0 0 0.366142
0 0.367444 0 0.012986 0 0 0 0 0.38043
0 0.413536 0 0.005452 0 0 0 0 0.418988
0 0.435797 0 0.012066 0 0 0 0 0.447863
0 0.418512 0 0.004978 0 0 0 0 0.42349
0 0.523879 0 0.013738 0 0 0 0 0.537617
0 0.40062 0 0.005326 0 0 0 0 0.405946
0 0.515277 0 0.015279 0 0 0 0 0.530556
0 0.426913 0 0.005464 0 0 0 0 0.432377
0 0.394098 0 0.005264 0 0 0 0 0.399362
0 0.41237 0 0.005266 0 0 0 0 0.417636
0 0.581706 0 0.015 0 0 0 0 0.596706
0 0.536086 0 0.01336 0 0 0 0 0.549446
0 0.375489 0 0.00551 0 0 0 0 0.380999
0 0.375627 0 0.005324 0 0 0 0 0.380951
0 0.446013 0 0.012784 0 0 0 0 0.458797
0 0.424245 0 0.007551 0 0 0 0 0.431796
0 0.482356 0 0.005849 0 0 0 0 0.488205
0 0.573057 0 0.011695 0 0 0 0 0.584752
0 0.543581 0 0.006139 0 0 0 0 0.54972
0 0.611903 0 0.002859 0 0 0 0 0.614762
0 0.370902 0 0.010244 0 0 0 0 0.381146
0 0.576509 0 0.015204 0 0 0 0 0.591713
0 0.384787 0 0.006775 0 0 0 0 0.391562
0 0.360989 0 0.006468 0 0 0 0 0.367457
0 0.591788 0 0.002855 0 0 0 0 0.594643
0 0.456279 0 0.011799 0 0 0 0 0.468078
0 0.42674 0 0.012367 0 0 0 0 0.439107
0 0.595459 0 0.004539 0 0 0 0 0.599998
0 0.635375 0 0.002917 0 0 0 0 0.638292
0 0.701805 0 0.004941 0 0 0 0 0.706746
0 0.593844 0 0.014532 0 0 0 0 0.608376
0 0.460054 0 0.006464 0 0 0 0 0.466518
0 0.385336 0 0.005233 0 0 0 0 0.390569
0 0.409794 0 0.00564 0 0 0 0 0.415434
0 0.564067 0 0.005751 0 0 0 0 0.569818
0 0.662638 0 0.004687 0 0 0 0 0.667325
0 0.567981 0 0.004486 0 0 0 0 0.572467
0 0.485024 0 0.015401 0 0 0 0 0.500425
0 0.410223 0 0.005762 0 0 0 0 0.415985
0 0.538702 0 0.003274 0 0 0 0 0.541976
0 0.363837 0 0.012782 0 0 0 0 0.376619
0 0.592663 0 0.015356 0 0 0 0 0.608019
0 0.572745 0 0.005815 0 0 0 0 0.57856
0 0.458313 0 0.005884 0 0 0 0 0.464197
0 0.542555 0 0.011338 0 0 0 0 0.553893
0 0.681187 0 0.005616 0 0 0 0 0.686803
0 0.746953 0 0.007526 0 0 0 0 0.754479
0 0.541248 0 0.007607 0 0 0 0 0.548855
0 0.446759 0 0.022436 0 0 0 0 0.469195
0 0.559572 0 0.013247 0 0 0 0 0.572819
0 0.427587 0 0.00535 0 0 0 0 0.432937
0 0.484833 0 0.007407 0 0 0 0 0.49224
0 0.670587 0 0.00285 0 0 0 0 0.673437
0 0.549577 0 0.005628 0 0 0 0 0.555205
0 0.469389 0 0.005785 0 0 0 0 0.475174
0 0.52219 0 0.004014 0 0 0 0 0.526204
0 0.578093 0 0.010576 0 0 0 0 0.588669
0 0.430304 0 0.01028 0 0 0 0 0.440584
0 0.428579 0 0.012779 0 0 0 0 0.441358
0 0.671861 0 0.003506 0 0 0 0 0.675367
0 0.409356 0 0.014291 0 0 0 0 0.423647
0 0.46992 0 0.00554 0 0 0 0 0.47546
0 0.476414 0 0.013353 0 0 0 0 0.489767
0 0.577411 0 0.00438 0 0 0 0 0.581791
0 0.46899 0 0.002844 0 0 0 0 0.471834
0 0.655649 0 0.005661 0 0 0 0 0.66131
0 0.355851 0 0.006884 0 0 0 0 0.362735
0 0.398441 0 0.012422 0 0 0 0 0.410863
0 0.462609 0 0.005358 0 0 0 0 0.467967
0 0.419918 0 0.005821 0 0 0 0 0.425739
0 0.41478 0 0.013304 0 0 0 0 0.428084
0 0.513892 0 0.017988 0 0 0 0 0.53188
