0 0.128223 0 0.002443 0 0 0 0 0.130666
0 0.15033 0 0.002594 0 0 0 0 0.152924
0 0.152388 0 0.002621 0 0 0 0 0.155009
0 0.153438 0 0.002648 0 0 0 0 0.156086
0 0.152956 0 0.002613 0 0 0 0 0.155569
0 0.15391 0 0.002576 0 0 0 0 0.156486
0 0.153968 0 0.00264 0 0 0 0 0.156608
0 0.154273 0 0.0026 0 0 0 0 0.156873
0 0.153666 0 0.002602 0 0 0 0 0.156268
0 0.154289 0 0.002622 0 0 0 0 0.156911
0 0.155135 0 0.002568 0 0 0 0 0.157703
0 0.155789 0 0.002669 0 0 0 0 0.158458
0 0.155354 0 0.002677 0 0 0 0 0.158031
0 0.154722 0 0.002615 0 0 0 0 0.157337
0 0.154971 0 0.002585 0 0 0 0 0.157556
0 0.15807 0 0.002802 0 0 0 0 0.160872
0 0.16228 0 0.002887 0 0 0 0 0.165167
0 0.162584 0 0.002819 0 0 0 0 0.165403
0 0.157879 0 0.045569 0 0 0 0 0.203448
0 0.156508 0 0.046112 0 0 0 0 0.20262
0 0.155697 0 0.045885 0 0 0 0 0.201582
0 0.156049 0 0.046331 0 0 0 0 0.20238
0 0.156356 0 0.045738 0 0 0 0 0.202094
0 0.156309 0 0.045357 0 0 0 0 0.201666
0 0.155948 0 0.045568 0 0 0 0 0.201516
0 0.155978 0 0.045113 0 0 0 0 0.201091
0 0.155977 0 0.045543 0 0 0 0 0.20152
0 0.156952 0 0.0456 0 0 0 0 0.202552
0 0.156972 0 0.044851 0 0 0 0 0.201823
0 0.155899 0 0.044578 0 0 0 0 0.200477
0 0.156945 0 0.044222 0 0 0 0 0.201167
0 0.156563 0 0.043964 0 0 0 0 0.200527
0 0.156567 0 0.045289 0 0 0 0 0.201856
0 0.156422 0 0.042817 0 0 0 0 0.199239
0 0.156205 0 0.043537 0 0 0 0 0.199742
0 0.156622 0 0.043591 0 0 0 0 0.200213
0 0.157307 0 0.043666 0 0 0 0 0.200973
0 0.155926 0 0.042728 0 0 0 0 0.198654
0 0.154766 0 0.042704 0 0 0 0 0.19747
0 0.155863 0 0.043468 0 0 0 0 0.199331
0 0.156262 0 0.042947 0 0 0 0 0.199209
0 0.156277 0 0.043619 0 0 0 0 0.199896
0 0.156648 0 0.043482 0 0 0 0 0.20013
0 0.156788 0 0.04384 0 0 0 0 0.200628
0 0.157324 0 0.044191 0 0 0 0 0.201515
0 0.156668 0 0.043357 0 0 0 0 0.200025
0 0.156316 0 0.043898 0 0 0 0 0.200214
0 0.157333 0 0.042994 0 0 0 0 0.200327
0 0.156554 0 0.044219 0 0 0 0 0.200773
0 0.156604 0 0.042353 0 0 0 0 0.198957
