0 0.149812 0 0.002608 0 0 0 0 0.15242
0 0.178687 0 0.002884 0 0 0 0 0.181571
0 0.180935 0 0.002711 0 0 0 0 0.183646
0 0.184002 0 0.0027 0 0 0 0 0.186702
0 0.193015 0 0.002741 0 0 0 0 0.195756
0 0.173383 0 0.002714 0 0 0 0 0.176097
0 0.177872 0 0.002696 0 0 0 0 0.180568
0 0.175554 0 0.002745 0 0 0 0 0.178299
0 0.179678 0 0.002717 0 0 0 0 0.182395
0 0.178695 0 0.002854 0 0 0 0 0.181549
0 0.184719 0 0.00272 0 0 0 0 0.187439
0 0.18469 0 0.002725 0 0 0 0 0.187415
0 0.178031 0 0.002723 0 0 0 0 0.180754
0 0.183255 0 0.002879 0 0 0 0 0.186134
0 0.178649 0 0.002894 0 0 0 0 0.181543
