0 0.126427 0 0.002399 0 0 0 0 0.128826
0 0.149858 0 0.002545 0 0 0 0 0.152403
0 0.153761 0 0.00253 0 0 0 0 0.156291
0 0.152728 0 0.002593 0 0 0 0 0.155321
0 0.153845 0 0.002629 0 0 0 0 0.156474
0 0.151448 0 0.002612 0 0 0 0 0.15406
0 0.155547 0 0.002582 0 0 0 0 0.158129
0 0.154841 0 0.002595 0 0 0 0 0.157436
0 0.154778 0 0.002585 0 0 0 0 0.157363
0 0.1551 0 0.002603 0 0 0 0 0.157703
0 0.154895 0 0.002625 0 0 0 0 0.15752
0 0.154483 0 0.002596 0 0 0 0 0.157079
0 0.155082 0 0.002576 0 0 0 0 0.157658
0 0.154205 0 0.002604 0 0 0 0 0.156809
0 0.15472 0 0.002749 0 0 0 0 0.157469
0 0.154067 0 0.00262 0 0 0 0 0.156687
0 0.155607 0 0.002585 0 0 0 0 0.158192
0 0.154826 0 0.002571 0 0 0 0 0.157397
0 0.15502 0 0.002591 0 0 0 0 0.157611
0 0.154714 0 0.002693 0 0 0 0 0.157407
0 0.154729 0 0.002599 0 0 0 0 0.157328
0 0.156524 0 0.002645 0 0 0 0 0.159169
0 0.155567 0 0.002608 0 0 0 0 0.158175
0 0.155009 0 0.002639 0 0 0 0 0.157648
0 0.154713 0 0.002734 0 0 0 0 0.157447
0 0.154094 0 0.002615 0 0 0 0 0.156709
0 0.155545 0 0.002542 0 0 0 0 0.158087
0 0.153766 0 0.002625 0 0 0 0 0.156391
0 0.155636 0 0.002575 0 0 0 0 0.158211
0 0.154268 0 0.002631 0 0 0 0 0.156899
0 0.156116 0 0.002736 0 0 0 0 0.158852
0 0.154341 0 0.002688 0 0 0 0 0.157029
0 0.15537 0 0.00261 0 0 0 0 0.15798
0 0.154278 0 0.002692 0 0 0 0 0.15697
0 0.155235 0 0.002598 0 0 0 0 0.157833
0 0.154908 0 0.002635 0 0 0 0 0.157543
0 0.156777 0 0.002953 0 0 0 0 0.15973
0 0.153816 0 0.002836 0 0 0 0 0.156652
0 0.157158 0 0.002748 0 0 0 0 0.159906
0 0.160288 0 0.002672 0 0 0 0 0.16296
0 0.154605 0 0.00265 0 0 0 0 0.157255
0 0.154518 0 0.002568 0 0 0 0 0.157086
0 0.154156 0 0.002653 0 0 0 0 0.156809
0 0.155242 0 0.002654 0 0 0 0 0.157896
0 0.154034 0 0.002678 0 0 0 0 0.156712
0 0.154756 0 0.00259 0 0 0 0 0.157346
0 0.154103 0 0.002676 0 0 0 0 0.156779
0 0.154702 0 0.002621 0 0 0 0 0.157323
0 0.158025 0 0.002655 0 0 0 0 0.16068
0 0.1552 0 0.002716 0 0 0 0 0.157916
